     0/149     2.24G   0.09125    0.0424   0.01984    0.1535        27       640   0.03244    0.1628  0.002562  0.000766   0.08962   0.05141    0.1188
     1/149     3.18G   0.07668   0.03964   0.01061    0.1269        27       640    0.5166  0.004032 9.806e-05 2.907e-05    0.1379   0.05828     1.759
     2/149     3.18G   0.06959   0.03686   0.01011    0.1166        20       640    0.3491    0.2177    0.1799   0.05142   0.06416   0.04274   0.01181
     3/149     3.18G   0.06411   0.03369  0.008222     0.106        15       640    0.4142    0.3332    0.2905    0.0851   0.06236   0.03988   0.01367
     4/149     3.18G   0.06349   0.03515  0.008779    0.1074        31       640         0         0         0         0       nan       nan       nan
     5/149     3.18G   0.06068   0.03378  0.008368    0.1028        21       640    0.6732    0.2674    0.3211    0.1025   0.05731   0.04824   0.01547
     6/149     3.18G    0.0583    0.0326  0.007577   0.09848        15       640    0.6924    0.4278    0.4925     0.196   0.05259   0.03149  0.008369
     7/149     3.18G   0.05727   0.03232  0.007041   0.09663        29       640    0.5689    0.4774    0.4783    0.1744   0.05237   0.03011    0.0104
     8/149     3.18G   0.05692   0.03218  0.006793    0.0959        48       640    0.4913    0.4132    0.4094    0.1466   0.05508   0.03457   0.00898
     9/149     3.18G   0.05419   0.03135  0.006675   0.09221        26       640    0.7576    0.4818      0.57    0.2376   0.04842   0.02998  0.008015
    10/149     3.18G   0.05303   0.02998  0.005892   0.08891        40       640    0.6248    0.4227    0.4561    0.1933   0.05141   0.03199   0.01014
    11/149     3.18G   0.05192   0.02995   0.00655   0.08841        34       640    0.7446    0.3656    0.4366    0.1926   0.05154    0.0342   0.01053
    12/149     3.18G   0.05076   0.02862  0.005913   0.08529        15       640    0.6885    0.4976    0.5418    0.2467   0.04605   0.02885   0.01068
    13/149     3.18G    0.0503   0.02966   0.00551   0.08548        29       640    0.8723    0.4052    0.5475    0.2445   0.04648   0.03468  0.007873
    14/149     3.18G   0.04999   0.03029  0.005978   0.08626        29       640     0.673    0.4489    0.5318    0.2409   0.04698   0.03153   0.01602
    15/149     3.18G   0.04902   0.02871  0.005635   0.08337        37       640    0.7822    0.5497    0.6552    0.2754   0.04658   0.02629  0.007393
    16/149     3.18G   0.04839   0.02828  0.005372   0.08203        34       640    0.6897    0.5657    0.6035    0.2646   0.04661   0.02597   0.00722
    17/149     3.18G   0.04744    0.0288  0.005377   0.08162        41       640    0.7682    0.5491    0.6149    0.2476   0.04626    0.0323  0.006713
    18/149     3.18G   0.04747    0.0287  0.005333    0.0815        24       640    0.7227    0.3975    0.4463    0.1949   0.07598   0.05044   0.07419
    19/149     3.18G   0.04769   0.02787  0.005669   0.08124        37       640    0.7467     0.437    0.5324    0.2555   0.04599   0.03807  0.007704
    20/149     3.18G   0.04732   0.02807  0.004964   0.08035        13       640     0.756    0.6167    0.6705    0.3087   0.04367   0.02626  0.007139
    21/149     3.18G   0.04542   0.02738  0.004775   0.07758        37       640    0.7012    0.5871    0.6288    0.2922   0.04197   0.02617  0.007139
    22/149     3.18G   0.04671    0.0276  0.005041   0.07935        14       640    0.7518    0.5562    0.6261     0.287   0.04356   0.02727  0.007108
    23/149     3.18G    0.0454   0.02722  0.004898   0.07752        30       640    0.8209    0.5857    0.6633    0.3195   0.04226   0.02595   0.00607
    24/149     3.18G   0.04469   0.02774  0.004832   0.07726        64       640    0.7664    0.5511    0.6317    0.3065   0.04297   0.02697   0.01424
    25/149     3.18G   0.04493   0.02691  0.005253   0.07709        18       640    0.7345    0.6041    0.6679    0.3345   0.04197   0.02679  0.006261
    26/149     3.18G   0.04549   0.02765  0.004753   0.07789        26       640    0.7901    0.6324    0.7033    0.3551   0.04041   0.02515  0.006702
    27/149     3.18G   0.04407   0.02657  0.004592   0.07524        37       640    0.7727    0.6796     0.735    0.3726   0.04039   0.02432  0.007075
    28/149     3.18G   0.04368   0.02674  0.004503   0.07492        23       640    0.8029    0.6521    0.7268    0.3593   0.04094   0.02478   0.00677
    29/149     3.18G   0.04442   0.02692    0.0047   0.07604        35       640    0.8086    0.5849    0.6739    0.3216   0.04321    0.0269  0.007491
    30/149     3.18G   0.04318   0.02774  0.004591   0.07551        18       640    0.5008   0.08925  0.002729    0.0013   0.09216     7.523     0.219
    31/149     3.18G    0.0439   0.02753  0.004481   0.07591        32       640    0.7681    0.5866    0.6617    0.3278   0.04096   0.03118  0.008075
    32/149     3.18G   0.04396   0.02787  0.004705   0.07654        21       640    0.7918    0.6299    0.7029     0.352    0.0403    0.0252   0.01033
    33/149     3.18G   0.04322   0.02663  0.004703   0.07455        22       640    0.7925    0.5756    0.6364    0.2964   0.04087   0.02732  0.006856
    34/149     3.18G   0.04248   0.02653  0.004593    0.0736        40       640    0.7785    0.6823    0.7287    0.3585   0.04017   0.02474  0.005477
    35/149     3.18G   0.04277   0.02676  0.004513   0.07404        24       640    0.7915    0.6358    0.7039     0.345   0.04085   0.02507  0.007174
    36/149     3.18G   0.04244   0.02666  0.004048   0.07315        13       640     0.857    0.6018    0.6901    0.3411   0.03959   0.02572  0.006918
    37/149     3.18G   0.04257   0.02708  0.004313   0.07397        20       640    0.8126    0.6247    0.7217    0.3712   0.03895   0.02494  0.006395
    38/149     3.18G   0.04295   0.02682   0.00437   0.07414        19       640    0.7424    0.6716    0.6881    0.3479   0.03915   0.03198  0.005943
    39/149     3.18G   0.04215   0.02665   0.00441    0.0732        64       640     0.921    0.6203    0.7362    0.3619   0.04148   0.02579  0.005609
    40/149     3.18G    0.0435   0.02715  0.004276   0.07493        24       640    0.7221    0.7004    0.7091    0.3314   0.04183   0.02629  0.007437
    41/149     3.18G   0.04205    0.0264  0.004023   0.07247        21       640    0.7457    0.6512    0.6689    0.3153   0.04196   0.02636  0.006107
    42/149     3.18G   0.04159   0.02699  0.004311   0.07289        29       640    0.7844    0.6697     0.728    0.3839   0.03855   0.02451   0.00706
    43/149     3.18G   0.04169   0.02528  0.004694   0.07166        33       640      0.86    0.6204    0.7555    0.3879   0.03807   0.02446   0.00533
    44/149     3.18G   0.04165   0.02582  0.003948   0.07142        18       640    0.8554    0.6852    0.7511    0.3896   0.03812   0.02444  0.005783
    45/149     3.18G   0.04151   0.02599  0.004099    0.0716        37       640    0.8159    0.6103    0.7018    0.3504   0.03926   0.02636  0.006011
    46/149     3.18G   0.04162   0.02609  0.003923   0.07163        17       640    0.7906    0.6951    0.7516    0.3951   0.03847   0.02416  0.006801
    47/149     3.18G   0.04059   0.02687  0.004103   0.07156        21       640    0.8612    0.6552    0.7635    0.3792   0.03943   0.02327  0.005855
    48/149     3.18G   0.04104   0.02547  0.004006   0.07052        39       640    0.8301    0.6833    0.7716     0.398   0.03696   0.02365  0.004768
    49/149     3.18G     0.041   0.02557  0.004188   0.07076        20       640    0.9084    0.6361    0.7487    0.3734   0.03919   0.02454  0.005623
    50/149     3.18G   0.04106   0.02618    0.0042   0.07143        56       640    0.7551    0.6541    0.6884    0.3502    0.0408   0.02468   0.00683
    51/149     3.18G   0.04097   0.02536  0.004343   0.07067        27       640    0.7793    0.6385    0.6919    0.3342   0.04052     0.028  0.009536
    52/149     3.18G   0.03998   0.02624  0.003609   0.06982        22       640    0.8314    0.6788    0.7589    0.3866   0.03814   0.02459  0.005747
    53/149     3.18G   0.03998   0.02681  0.004229   0.07102        34       640    0.8883    0.6625    0.7787    0.4093   0.03729   0.02431  0.005666
    54/149     3.18G   0.04025   0.02634  0.004099   0.07069        38       640    0.7985    0.6902    0.7629     0.398   0.03781   0.02369  0.005519
    55/149     3.18G   0.04022    0.0255  0.004226   0.06994        16       640    0.7566    0.6789    0.7462    0.3875   0.03856   0.02446  0.006385
    56/149     3.18G   0.04112   0.02647  0.004413   0.07201        79       640    0.8524    0.6252    0.7247    0.3946   0.03777   0.02469  0.007354
    57/149     3.18G   0.04082   0.02487  0.003823   0.06951        24       640    0.7843    0.6684    0.7405    0.3893   0.03744   0.02319  0.006493
    58/149     3.18G   0.03999   0.02661  0.003827   0.07043        20       640    0.8511    0.7069    0.7712    0.4216   0.03649   0.02306  0.004757
    59/149     3.18G   0.03981   0.02531  0.004384   0.06951        17       640    0.8478    0.6661    0.7297    0.3814   0.03717   0.02385  0.006437
    60/149     3.18G   0.04103    0.0258  0.003956   0.07078        24       640    0.8037    0.6106    0.6784    0.3565   0.04061   0.02554  0.006488
    61/149     3.18G   0.03946   0.02484   0.00386   0.06816        20       640    0.8658    0.6649    0.7654     0.414   0.03657   0.02524  0.005693
    62/149     3.18G   0.03909   0.02584  0.004163   0.06909        37       640    0.8244    0.7199    0.7788    0.4376   0.03545   0.02282  0.007021
    63/149     3.18G   0.03893   0.02496  0.004038   0.06793        33       640    0.9225    0.6341    0.7641    0.4095   0.03584   0.02544  0.007562
    64/149     3.18G   0.03964   0.02457  0.004045   0.06826        25       640    0.8532    0.6677    0.7501    0.3778   0.03802   0.02405   0.00618
    65/149     3.18G   0.03961   0.02595  0.003864   0.06942        23       640    0.8367    0.6986    0.7844    0.4136   0.03592   0.02343  0.005505
    66/149     3.18G   0.03859   0.02471  0.003779   0.06708        13       640    0.8249    0.6825    0.7901     0.435   0.03507   0.02364  0.006167
    67/149     3.18G   0.03829    0.0253  0.003866   0.06745        31       640    0.8686    0.6173    0.7732    0.4092   0.03614   0.02364  0.005609
    68/149     3.18G    0.0381   0.02504  0.003831   0.06698        13       640    0.8548    0.7202    0.7929    0.4336   0.03579    0.0227  0.005504
    69/149     3.18G   0.03898   0.02553  0.003716   0.06824        26       640    0.8043    0.7371     0.771    0.4051   0.03714   0.02248  0.005523
    70/149     3.18G   0.03791   0.02436  0.003282   0.06555        43       640    0.8086    0.7095     0.774    0.4314   0.03525    0.0236  0.006035
    71/149     3.18G   0.03746   0.02413  0.003786   0.06537        24       640    0.8979     0.653    0.7657    0.4242    0.0353   0.02334  0.005274
    72/149     3.18G   0.03838   0.02378  0.003377   0.06554        33       640    0.9188    0.6569    0.7754    0.3999   0.03683   0.02371  0.007173
    73/149     3.18G   0.03883   0.02432   0.00351   0.06666        27       640    0.9153    0.7176    0.8128    0.4438   0.03527   0.02249  0.004377
    74/149     3.18G   0.03835   0.02411  0.002928    0.0654        29       640    0.8648    0.6717     0.776    0.4201   0.03545   0.02318  0.005447
    75/149     3.18G   0.03863   0.02528  0.003833   0.06775        21       640    0.8743    0.6432    0.7582    0.3904   0.03709   0.02389  0.006839
    76/149     3.18G   0.03811   0.02461  0.003708   0.06643        26       640    0.8798    0.7186     0.803    0.4407   0.03499   0.02316  0.005916
    77/149     3.18G   0.03801   0.02425  0.003801   0.06606        27       640     0.852    0.7345    0.8112     0.435   0.03537   0.02192  0.004376
    78/149     3.18G   0.03783   0.02469  0.003755   0.06628        26       640    0.8977    0.6866    0.8036    0.4522   0.03398   0.02286  0.006192
    79/149     3.18G   0.03771   0.02505  0.003532   0.06629        34       640    0.8869    0.6931    0.7817    0.4245   0.03507    0.0224  0.004791
    80/149     3.18G   0.03774   0.02534   0.00333   0.06642        54       640    0.8692    0.6587     0.754    0.4187   0.03516   0.02287  0.008982
    81/149     3.18G   0.03777   0.02371  0.003747   0.06523        42       640    0.8374    0.6829    0.7797    0.4281   0.03585   0.02375  0.005214
    82/149     3.18G   0.03781   0.02475  0.003484   0.06604        34       640     0.861    0.7283    0.7992    0.4497   0.03466   0.02511   0.00631
    83/149     3.18G    0.0373   0.02494  0.003276   0.06551        25       640    0.8844    0.7198    0.8198    0.4429   0.03499   0.02211  0.005293
    84/149     3.18G   0.03693   0.02471  0.003501   0.06514        32       640    0.8918    0.7132    0.8004    0.4507   0.03429   0.02246  0.005601
    85/149     3.18G   0.03748   0.02369  0.002897   0.06406        25       640    0.8735    0.7207    0.7856    0.4499   0.03415   0.02217  0.005247
    86/149     3.18G   0.03702    0.0247  0.003141   0.06485        80       640    0.8246    0.7525    0.8202    0.4569   0.03459   0.02236  0.005094
    87/149     3.18G   0.03659   0.02474  0.003395   0.06473        21       640     0.822    0.7043    0.7694    0.4284   0.03425   0.02273  0.006557
    88/149     3.18G   0.03686   0.02453  0.003467   0.06486        24       640    0.8575    0.7628     0.828     0.465   0.03395   0.02135  0.004624
    89/149     3.18G   0.03604   0.02415  0.003123   0.06331        45       640    0.8561    0.7083    0.7911    0.4573    0.0329   0.02166  0.006586
    90/149     3.18G   0.03761   0.02424  0.003507   0.06536        25       640    0.8882     0.704    0.7797    0.4327   0.03521   0.02256  0.005015
    91/149     3.18G   0.03623   0.02363  0.003075   0.06293        34       640    0.8473     0.747    0.8155    0.4553   0.03398   0.02194  0.004817
    92/149     3.18G   0.03652   0.02441  0.003185   0.06411        40       640    0.8626    0.7401     0.817    0.4523   0.03399   0.02178  0.004502
    93/149     3.18G   0.03607    0.0243  0.003481   0.06385        32       640    0.9492    0.6883    0.8036    0.4438    0.0345   0.02331  0.004665
    94/149     3.18G    0.0356   0.02317   0.00329   0.06205        22       640    0.9103    0.6459    0.7861    0.4522   0.03324   0.02299  0.006688
    95/149     3.18G   0.03617   0.02338  0.003306   0.06286        37       640    0.9224    0.7124    0.8181    0.4619   0.03373   0.02191  0.005378
    96/149     3.18G   0.03583   0.02382  0.003197   0.06284        35       640    0.8844    0.7029    0.7992    0.4698   0.03357   0.02157  0.004868
    97/149     3.18G   0.03594   0.02395  0.002687   0.06257        25       640    0.8532    0.7532    0.8167    0.4683   0.03297   0.02122  0.004447
    98/149     3.18G   0.03575   0.02245  0.003153   0.06135        12       640     0.893    0.7412     0.817    0.4655   0.03319   0.02151  0.003928
    99/149     3.18G   0.03563   0.02326  0.003026   0.06192        22       640    0.8767    0.7418     0.834    0.4691   0.03254   0.02125  0.004007
   100/149     3.18G   0.03521   0.02312  0.002765    0.0611        21       640    0.8978    0.7142    0.8158    0.4785   0.03249   0.02118  0.004589
   101/149     3.18G   0.03561    0.0233  0.002908   0.06182        23       640    0.8226    0.7699     0.822    0.4733   0.03274   0.02106   0.00535
   102/149     3.18G   0.03565    0.0239  0.002946    0.0625        19       640    0.8939    0.7532    0.8314    0.4828     0.033   0.02109  0.004098
   103/149     3.18G   0.03562   0.02384  0.003052   0.06251        50       640    0.8579    0.7674    0.8261    0.4649   0.03286   0.02162  0.004078
   104/149     3.18G   0.03568   0.02357  0.002668   0.06191        12       640    0.8799    0.7646     0.835    0.4894   0.03244   0.02122  0.003788
   105/149     3.18G   0.03478   0.02282   0.00277   0.06037        32       640    0.8391    0.7764    0.8281    0.4633    0.0328   0.02151  0.003967
   106/149     3.18G   0.03536   0.02267   0.00303   0.06105        10       640    0.9051    0.7404    0.8255    0.4728   0.03226   0.02126  0.003721
   107/149     3.18G    0.0351   0.02229  0.003251   0.06064        20       640    0.8604    0.7412    0.8156    0.4787   0.03269   0.02172  0.003869
   108/149     3.18G   0.03442   0.02238   0.00258   0.05938        23       640    0.9114    0.7418     0.832    0.4789    0.0325   0.02078  0.004301
   109/149     3.18G   0.03493   0.02335  0.002588   0.06087        17       640     0.889      0.74    0.8386    0.4949   0.03228   0.02098  0.003863
   110/149     3.18G   0.03406   0.02246  0.002747   0.05927        39       640    0.8703    0.7369    0.8224    0.4731   0.03295   0.02244  0.004128
   111/149     3.18G   0.03431   0.02274    0.0026   0.05965        31       640    0.8825    0.7815    0.8473    0.4937   0.03192   0.02131  0.004637
   112/149     3.18G   0.03461   0.02304  0.002602   0.06025        36       640     0.872    0.7885    0.8398    0.4781   0.03242   0.02124  0.003768
   113/149     3.18G   0.03393   0.02256  0.002235   0.05873        62       640    0.8731    0.7793    0.8469    0.4972   0.03211   0.02096  0.003439
   114/149     3.18G   0.03368   0.02249  0.002672   0.05885        44       640    0.9004    0.7866    0.8526    0.5043   0.03349   0.02088  0.003737
   115/149     3.18G   0.03386   0.02297  0.002367    0.0592        37       640    0.8323    0.8357    0.8597    0.5136    0.0315   0.02061  0.003218
   116/149     3.18G   0.03332   0.02186  0.002467   0.05765        19       640    0.9173    0.7608    0.8482    0.4925   0.03208   0.02102  0.004176
   117/149     3.18G    0.0334   0.02223  0.002592   0.05823        42       640    0.8631    0.7982    0.8537    0.4959   0.03189   0.02041  0.004055
   118/149     3.18G   0.03383   0.02298  0.002637   0.05945        18       640    0.8933    0.7547    0.8477    0.5054   0.03169   0.02058  0.004072
   119/149     3.18G   0.03352   0.02169  0.002853   0.05807        14       640    0.8761    0.7484    0.8311    0.4853   0.03253   0.02105  0.004318
   120/149     3.18G    0.0337    0.0237  0.002855   0.06026        24       640    0.9124    0.7458    0.8468    0.5129   0.03154   0.02044  0.003676
   121/149     3.18G   0.03325   0.02331  0.002452   0.05901        19       640    0.8566     0.792    0.8554    0.5079   0.03165   0.02049  0.004114
   122/149     3.18G   0.03346   0.02274  0.002397    0.0586        13       640    0.8996    0.7354    0.8416    0.5079   0.03138   0.02091  0.003783
   123/149     3.18G   0.03278   0.02249  0.002195   0.05747        52       640    0.8728    0.7847     0.853    0.5039   0.03161   0.02088  0.003457
   124/149     3.18G   0.03325   0.02216   0.00274   0.05815        32       640    0.8624    0.7664    0.8262    0.4858   0.03169   0.02124  0.004367
   125/149     3.18G   0.03316   0.02226  0.003152   0.05857        20       640    0.8606    0.8119    0.8564    0.5119   0.03162   0.02063  0.003464
   126/149     3.18G   0.03204   0.02226  0.001965   0.05627        26       640    0.8985    0.7758    0.8542    0.5097   0.03158   0.02057   0.00385
   127/149     3.18G   0.03246   0.02122  0.002123    0.0558        28       640    0.8853    0.7923    0.8682    0.5161   0.03136   0.02054  0.003643
   128/149     3.18G   0.03248   0.02226  0.001982   0.05672        53       640    0.8958    0.7827    0.8549    0.5154   0.03083   0.02024  0.003848
   129/149     3.18G   0.03235   0.02222  0.002056   0.05662        35       640    0.8757    0.8148    0.8656    0.5092   0.03131   0.02036  0.003588
   130/149     3.18G   0.03263   0.02159  0.002181    0.0564        53       640    0.9175    0.7822    0.8678    0.5177   0.03134   0.02058  0.003762
   131/149     3.18G   0.03212   0.02208  0.002269   0.05647        25       640    0.9061    0.7836    0.8658    0.5089   0.03107   0.02008  0.003736
   132/149     3.18G    0.0321   0.02213  0.002461   0.05669        28       640    0.9321    0.7715    0.8632    0.5167   0.03126   0.02018  0.003612
   133/149     3.18G   0.03203   0.02172  0.002129   0.05588        12       640    0.8828    0.7611    0.8482    0.5029   0.03143   0.02069  0.003591
   134/149     3.18G   0.03212   0.02185  0.002173   0.05614        33       640     0.851    0.7949     0.848    0.5001   0.03126    0.0206  0.003426
   135/149     3.18G   0.03244   0.02212  0.002543   0.05711        38       640    0.9066    0.7695    0.8503    0.4948   0.03162   0.02035  0.004053
   136/149     3.18G   0.03198   0.02169   0.00199   0.05566        47       640    0.9368    0.7567    0.8574    0.5084   0.03127   0.02031  0.003493
   137/149     3.18G   0.03218   0.02234  0.002204   0.05673        22       640    0.8487    0.8205    0.8616    0.5187     0.031   0.02026  0.003064
   138/149     3.18G   0.03177   0.02142  0.001819   0.05501        29       640    0.8868    0.7772     0.863    0.5191   0.03077   0.02019  0.004238
   139/149     3.18G   0.03194   0.02187  0.002068   0.05587        58       640    0.8722    0.7832    0.8473    0.5128   0.03104   0.02045  0.003934
   140/149     3.18G   0.03148   0.02132  0.001981   0.05478        26       640    0.8897    0.7661    0.8426    0.5098   0.03115   0.02048  0.003954
   141/149     3.18G   0.03202   0.02108  0.002079   0.05517        13       640    0.8969    0.7607    0.8537    0.5145   0.03109   0.02029  0.003875
   142/149     3.18G   0.03239   0.02173  0.002289    0.0564        31       640     0.907    0.7787    0.8601    0.5101    0.0308   0.02019  0.003555
   143/149     3.18G   0.03131   0.02143  0.002157    0.0549        30       640     0.861    0.7912    0.8509    0.5008   0.03148   0.02014  0.003638
   144/149     3.18G   0.03166   0.02227  0.002371    0.0563        15       640    0.8719    0.8001    0.8643    0.5172   0.03095   0.01982  0.003527
   145/149     3.18G   0.03139   0.02176  0.001994   0.05514        18       640    0.8858    0.8188     0.868    0.5257   0.03063   0.02019  0.002972
   146/149     3.18G   0.03136   0.02113  0.002451   0.05494        41       640    0.8897    0.7763    0.8527    0.5186   0.03079   0.01987  0.003643
   147/149     3.18G   0.03162   0.02154   0.00216   0.05532        32       640    0.8799       0.8    0.8669    0.5197   0.03083   0.01998  0.003538
   148/149     3.18G   0.03158   0.02136  0.002128   0.05507        28       640    0.9069    0.7803    0.8683    0.5214   0.03129   0.01975  0.003135
   149/149     3.18G   0.03125   0.02137  0.002157   0.05478        31       640    0.8894     0.774    0.8554    0.5176   0.03081   0.02038  0.003142
